[4.22484077 0.24224357 0.07852391 0.02368303]
[[-0.36158968 -0.65653988  0.58099728  0.31725455] 
 [ 0.08226889 -0.72971237 -0.59641809 -0.32409435] 
 [-0.85657211  0.1757674  -0.07252408 -0.47971899] 
 [-0.35884393  0.07470647 -0.54906091  0.75112056]]
svd

[4.22824171 0.24267075 0.0782095  0.02383509]
[[ 0.36138659 -0.08452251  0.85667061  0.3582892 ] 
 [ 0.65658877  0.73016143 -0.17337266 -0.07548102] 
 [-0.58202985  0.59791083  0.07623608  0.54583143] 
 [-0.31548719  0.3197231   0.47983899 -0.75365743]]
pca

[4.22484077 0.24224357 0.07852391 0.02368303]
[[ 0.36158968 -0.65653988 -0.58099728  0.31725455] 
 [-0.08226889 -0.72971237  0.59641809 -0.32409435] 
 [ 0.85657211  0.1757674   0.07252408 -0.47971899] 
 [ 0.35884393  0.07470647  0.54906091  0.75112056]]
eig